,anthropic_3.7_sonnet_circle_5,anthropic_3.7_sonnet_circle_6,anthropic_sonnet_3.7_reasoning_circle_0,gemini_2.0_flash_circle_2,gemini_2.0_flash_circle_5,openai_4o_circle_4,openai_4o_circle_5,openai_4o_circle_6,openai_o3_mini_circle_0
anthropic_3.7_sonnet_circle_5,0.6,0.75,0.75,0.7,0.8,0.625,0.55,0.575,0.575
anthropic_3.7_sonnet_circle_6,0.75,0.75,0.675,0.4,0.7,0.625,0.725,0.75,0.525
anthropic_sonnet_3.7_reasoning_circle_0,0.75,0.675,0.55,0.475,0.7,0.7,0.65,0.6,0.5125
gemini_2.0_flash_circle_2,0.7,0.4,0.475,0.45,0.7,0.475,0.675,0.65,0.5
gemini_2.0_flash_circle_5,0.8,0.7,0.7,0.7,0.75,0.5,0.425,0.625,0.5
openai_4o_circle_4,0.625,0.625,0.7,0.475,0.5,0.45,0.55,0.55,0.525
openai_4o_circle_5,0.55,0.725,0.65,0.675,0.425,0.55,0.7,0.525,0.5875
openai_4o_circle_6,0.575,0.75,0.6,0.65,0.625,0.55,0.525,0.6,0.5875
openai_o3_mini_circle_0,0.575,0.525,0.5125,0.5,0.5,0.525,0.5875,0.5875,0.625
