,anthropic_3.7_sonnet_circle_5,anthropic_3.7_sonnet_circle_6,anthropic_sonnet_3.7_reasoning_circle_0,gemini_2.0_flash_circle_2,gemini_2.0_flash_circle_5,openai_4o_circle_4,openai_4o_circle_5,openai_4o_circle_6,openai_o3_mini_circle_0
anthropic_3.7_sonnet_circle_5,356.6209,468.7223599999999,430.7051897435897,403.2163999999999,559.75233,289.733158974359,441.00344000000007,357.2718256410256,379.24275897435894
anthropic_3.7_sonnet_circle_6,468.7223599999999,467.1491400000001,381.68549999999993,421.18582,429.9295799999999,265.5749333333333,432.67343783783787,424.71754,404.7935794871795
anthropic_sonnet_3.7_reasoning_circle_0,430.7051897435897,381.68549999999993,389.35684000000003,405.9100615384615,476.19349,377.2373157894737,393.7773666666666,360.6788216216216,381.90783291139235
gemini_2.0_flash_circle_2,403.2163999999999,421.18582,405.9100615384615,338.22925999999995,408.46084,454.8377111111111,410.61791000000005,310.9984,259.8101641025641
gemini_2.0_flash_circle_5,559.75233,429.9295799999999,476.19349,408.46084,518.03504,395.40226666666666,430.3318666666667,430.60283157894736,332.74496216216204
openai_4o_circle_4,289.733158974359,265.5749333333333,377.2373157894737,454.8377111111111,395.40226666666666,306.91371764705883,334.67683999999997,372.7567076923077,364.17268108108107
openai_4o_circle_5,441.00344000000007,432.67343783783787,393.7773666666666,410.61791000000005,430.3318666666667,334.67683999999997,369.2519,368.61493333333334,323.0484821917808
openai_4o_circle_6,357.2718256410256,424.71754,360.6788216216216,310.9984,430.60283157894736,372.7567076923077,368.61493333333334,361.15066666666667,350.2229038961039
openai_o3_mini_circle_0,379.24275897435894,404.7935794871795,381.90783291139235,259.8101641025641,332.74496216216204,364.17268108108107,323.0484821917808,350.2229038961039,335.64003333333335
