,anthropic_3.7_sonnet_circle_5,anthropic_3.7_sonnet_circle_6,anthropic_sonnet_3.7_reasoning_circle_0,gemini_2.0_flash_circle_2,gemini_2.0_flash_circle_5,openai_4o_circle_4,openai_4o_circle_5,openai_4o_circle_6,openai_o3_mini_circle_0
anthropic_3.7_sonnet_circle_5,0.8347005792784398,0.8106913530901545,0.7446715315036296,0.6290223891014144,0.6116478426889038,0.7854600361685344,0.8693046484373955,0.8902986922291422,0.857539444626453
anthropic_3.7_sonnet_circle_6,0.8106913530901545,0.7078555579399316,0.7982588171949805,0.7691057543671135,0.7555597345302425,0.6734310412222698,0.8089301971420492,0.8001048020255389,0.8382884007635693
anthropic_sonnet_3.7_reasoning_circle_0,0.7446715315036296,0.7982588171949805,0.8862410334080983,0.7487191170065097,0.7188948706057996,0.7432231612023729,0.8056589454584603,0.8027115326709702,0.8420569555769991
gemini_2.0_flash_circle_2,0.6290223891014144,0.7691057543671135,0.7487191170065097,0.9117829171739918,0.7659746534352323,0.8159893822924741,0.7002341343452667,0.7159107662560118,0.778343544923249
gemini_2.0_flash_circle_5,0.6116478426889038,0.7555597345302425,0.7188948706057996,0.7659746534352323,0.5107739601594685,0.7973656131029481,0.8193050918095093,0.7465113920730023,0.8167631226918951
openai_4o_circle_4,0.7854600361685344,0.6734310412222698,0.7432231612023729,0.8159893822924741,0.7973656131029481,0.81764654975112,0.8554807440245803,0.8097497434584467,0.8791991850031858
openai_4o_circle_5,0.8693046484373955,0.8089301971420492,0.8056589454584603,0.7002341343452667,0.8193050918095093,0.8554807440245803,0.7114353459951382,0.7786374528466642,0.843504483571145
openai_4o_circle_6,0.8902986922291422,0.8001048020255389,0.8027115326709702,0.7159107662560118,0.7465113920730023,0.8097497434584467,0.7786374528466642,0.8468304659625443,0.8368436597923268
openai_o3_mini_circle_0,0.857539444626453,0.8382884007635693,0.8420569555769991,0.778343544923249,0.8167631226918951,0.8791991850031858,0.843504483571145,0.8368436597923268,0.8013238465466566
