,anthropic_3.7_sonnet_circle_5,anthropic_3.7_sonnet_circle_6,anthropic_sonnet_3.7_reasoning_circle_0,gemini_2.0_flash_circle_2,gemini_2.0_flash_circle_5,openai_4o_circle_4,openai_4o_circle_5,openai_4o_circle_6,openai_o3_mini_circle_0
anthropic_3.7_sonnet_circle_5,0.1,0.1,0.10256410256410256,0.05,0.25,0.07692307692307693,0.15,0.0,0.10256410256410256
anthropic_3.7_sonnet_circle_6,0.1,0.1,0.075,0.0,0.05,0.02564102564102564,0.02702702702702703,0.1,0.15384615384615385
anthropic_sonnet_3.7_reasoning_circle_0,0.10256410256410256,0.075,0.05,0.05128205128205128,0.225,0.07894736842105263,0.08333333333333333,0.05405405405405406,0.10126582278481013
gemini_2.0_flash_circle_2,0.05,0.0,0.05128205128205128,0.05,0.075,0.027777777777777776,0.075,0.05128205128205128,0.10256410256410256
gemini_2.0_flash_circle_5,0.25,0.05,0.225,0.075,0.4,0.02564102564102564,0.0,0.07894736842105263,0.13513513513513514
openai_4o_circle_4,0.07692307692307693,0.02564102564102564,0.07894736842105263,0.027777777777777776,0.02564102564102564,0.058823529411764705,0.025,0.02564102564102564,0.13513513513513514
openai_4o_circle_5,0.15,0.02702702702702703,0.08333333333333333,0.075,0.0,0.025,0.1,0.05555555555555555,0.136986301369863
openai_4o_circle_6,0.0,0.1,0.05405405405405406,0.05128205128205128,0.07894736842105263,0.02564102564102564,0.05555555555555555,0.1111111111111111,0.23376623376623376
openai_o3_mini_circle_0,0.10256410256410256,0.15384615384615385,0.10126582278481013,0.10256410256410256,0.13513513513513514,0.13513513513513514,0.136986301369863,0.23376623376623376,0.1388888888888889
